14
1501.4239887093713 721.7808538216261 1501.0809772364846 721.5238134170397
15865.40915274048 450.77711451571423 15865.094269055746 451.07772743840343
7660.07758153688 12446.927157534958 7660.3914544299805 12447.35453397281
9170.924341229684 10674.239069629253 9170.617769398883 10674.52349185947
10948.98695887307 4746.505751720473 10949.009338821237 4746.861197418648
13989.491915516875 4135.95954196964 13989.516520094954 4136.359812487054
4674.514372890513 5426.331678484969 4674.49586109 5426.6962263307305
5977.395509837177 10261.12874119497 5977.079040984891 10260.69884209585
1262.8929995692617 1221.4783915271705 1262.576417550752 1221.2000701176794
10864.385678129996 4171.261013418101 10864.087944221725 4171.5405966624285
7153.2150857027955 888.1608634899817 7153.3931251095555 887.6674164854608
414.48166577478 112.79170191583465 414.48519792572654 113.19922140290666
15410.601193660856 1667.479162549388 15410.90071953213 1667.9333204870154
11067.491636398567 7432.453921707555 11067.513413760036 7432.8051509296365
6401.621697958672 7513.192725263466 6401.90456130751 7513.6306787841395
3735.512176581579 6387.588855951754 3735.475310024341 6388.027952899571
5173.410653063396 1345.332547467641 5173.098984720284 1345.0559120599353
2375.006680181913 111.9114184306567 2375.015037727559 112.33017384529796
3993.4771041418016 6772.496286714507 3993.507818746649 6772.89508115929
5381.7183909254 7988.681781111482 5381.903453852188 7988.257057278591
9797.922087990097 535.6103336828787 9797.612140752706 535.3029990794324
5485.108833908481 1941.2147462709097 5485.385592033683 1941.5337659700344
3378.494612773577 529.7956055366046 3378.4826193140416 530.2125819307606
10951.110126826314 7151.258445126931 10951.388580421886 7151.559190209427
2484.504361291005 3657.8979667188555 2484.4909911609084 3658.308064108896
3755.0094196543264 513.3551285010237 3755.0058104183568 513.7431020240482
11331.506688242085 5421.522843687679 11331.512035300371 5421.938868985424
971.9123127541995 1572.3080224336852 971.592145133667 1572.6177459532785
3590.6195389353256 6182.160952587385 3590.8899976601356 6182.439590482043
10546.086549984551 3902.7317162225604 10546.421906089881 3902.4290844173224
10954.996472363906 4060.6168163208945 10954.981830673449 4060.9714479822137
12500.917233544946 6499.972101259687 12500.607980267954 6500.302890617282
4245.493199633879 230.56726486436963 4245.52029939869 230.9446130334812
12617.695075395677 6438.477378702086 12617.885992793746 6438.044377729321
5205.521529359997 4913.650482531874 5205.508330246633 4914.018095239005
15708.4922569538 932.0295926226869 15708.52159541107 932.4508415425603
8119.10783105548 10735.643825197405 8119.398707737244 10736.125384764659
9541.398941238103 541.6848254196852 9541.113685430813 542.1239582966056
13322.877978600201 3565.9034792404555 13322.621032839501 3566.169711214421
7926.512652940633 221.91789309658972 7926.489108729429 222.32348081404677
6896.8960170449855 25.570382493762327 6896.597823376045 25.90143490382539
5050.093051603896 5191.3430624295825 5050.410084121973 5191.051858242802
7446.524712692998 10676.186138263474 7446.479749029174 10676.555230461381
4510.114166654052 3.0527681611010404 4510.399342131618 3.354837084681435
5937.516809715094 10033.591467098795 5937.503643290843 10033.962426102435
10254.523192721588 3126.5447601286896 10254.50758197848 3126.93038906558
8794.391744193494 8023.341096389031 8794.117421014213 8023.614194911116
5175.480367394366 5194.6080221172515 5175.516255909684 5195.034100335261
11360.013182193223 1052.0010867482354 11360.021058201606 1052.4419902530055
5016.524335994302 8022.674369602713 5016.496485652121 8023.044421197741
9648.483882406184 8882.151800088877 9648.518971579784 8882.539070461351
3341.8954696410437 5545.626233533698 3341.6028535328433 5545.1545784247055
10444.120772326618 21.20927130776079 10444.384486949213 20.872943889805807
9532.079720881798 2051.1722227120326 9532.412299057973 2051.580725233265
2255.010912465111 298.989488893012 2255.023531104756 299.37995047180215
12083.004308610065 347.1001088611081 12083.001954856512 347.4708091781851
6382.978254540917 1802.0140485872591 6382.980552401487 1802.3995406508109
4584.50551042434 6220.008837975703 4584.521694512111 6220.408398605636
2193.478232070186 3560.8846430400977 2193.5222059920375 3561.2719725792626
9523.077451570129 7178.034788474257 9523.393816067994 7178.446354680948
10912.377616529862 8255.419872036951 10912.122174184948 8255.715638049314
8055.488517255321 7101.623113305359 8055.522681835194 7102.027891799713
10900.107496972023 3769.342209087455 10900.41617887342 3769.8173845902093
13138.381037530638 4462.211430825683 13138.115467291404 4462.529327076833
6966.488369408487 11868.192364600312 6966.478736744641 11868.597280536005
7830.497515557008 7565.404869195019 7830.493284817743 7565.779961962041
14650.975234487103 1999.4676708191998 14651.000370395801 1999.8652301382986
16138.99786171631 423.67775048380076 16139.011843829618 424.06757653963274
5414.593284400697 7136.513423998702 5414.915086953428 7136.79816306902
14757.501984478118 1914.1144808999 14757.487145754076 1914.5001879246256
6928.408605044732 11030.16897238385 6928.096144312678 11029.717845563451
3747.488457565835 5353.5481999342965 3747.4943046174108 5353.977017418434
13470.484626094294 51.75379522949922 13470.523023687685 52.18028115577235
4875.515771104007 8443.553808917173 4875.483902591954 8443.93318274838
14162.911524953706 3603.062948533825 14162.622602114214 3602.7702887355304
11726.91847783902 445.5300312964574 11726.607961529022 445.22964609621226
2738.58904174928 965.1948573803345 2738.892662471951 965.5424959332561
9826.08711616561 7801.554239048754 9826.4069195678 7802.0042730476425
3119.9112092948676 1677.0012180921542 3119.6198903320123 1677.4634030205063
11815.111537725012 3610.9149335627553 11815.405385761544 3611.245794804665
8939.916268101488 921.0407368715178 8939.617591525684 920.6198890868254
9914.68075323229 10927.980067137187 9914.921001033337 10927.535869455625
12206.914852031477 6343.185559796435 12206.619633140346 6343.599563834206
2312.9148567027137 3087.836683479869 2312.5907125977046 3088.1554393919
8870.611631545984 7380.740180224772 8870.907081238334 7381.030884644279
4678.192372228073 7658.725750649253 4678.418079490054 7658.258070918123
15598.99863115803 353.9878019631806 15598.997104805358 354.4034488234817
10739.588522182597 0.46129270550806206 10739.88493342644 0.7539548177321714
11075.884944547704 4662.269868067551 11075.590767284935 4662.582144559467
12517.40063067841 6474.875968411532 12517.08954270147 6474.410495852133
11569.416509880572 4012.6871781077925 11569.08707101561 4013.1213746120948
1847.8979968441406 2051.1317598743713 1847.6202439770386 2050.852869379138
12314.888840574367 7039.459474167397 12314.59619833075 7039.145648316328
11920.097101178839 5944.803653341017 11920.419851055956 5945.270588067026
5651.914400544347 448.9903149847623 5651.600355043049 448.6932386647345
4596.503602869758 7555.4172378767225 4596.498710306869 7555.798401615457
13861.97784181129 4270.152241278359 13862.007422440875 4270.586616048397
10861.390061148037 4436.2465928874835 10861.117395192683 4436.5661063639745
11117.916166230592 182.2700562797956 11117.591124170593 181.96542279278106
9488.60014012138 7562.617413900893 9488.898219151477 7562.901082325507
