5
69425.1131958167
26751.380920822277
75737.7305597026
84955.37188045277
27501.77301164054
58656.58385430427
28989.158324767184
85943.26596731975
82882.43592900396
1708.594021665344
78925.8392706916
2637.9785453976347
30925.748394002672
72801.38828970572
10617.844348989613
18324.71711885113
11488.888393464935
40513.54540884542
72620.21662072005
26214.07249177392
73980.25797014541
59248.26560269212
78869.96121031554
53644.798915389045
96515.32920071663
88358.06575163966
94765.85552338857
33540.87434798113
37718.79671965005
13591.210062084969
10632.392168084038
54571.188806736514
31063.723439246827
29700.782369670953
13679.301099704233
2026.6557467398804
41111.1368445407
87686.2901778239
5603.26385881682
35120.906262363394
