15
0 72506 0 0 0 0 0 61517 63581 0 0 33765 0 0 0 
0 0 52405 20067 0 0 0 0 0 0 0 0 0 0 0 
63774 0 0 45471 0 0 0 64687 15728 0 21349 71189 72323 0 5679 
0 81630 19017 0 62450 0 0 0 0 0 0 19749 0 0 0 
92971 0 0 0 0 62945 52718 99851 0 0 0 0 0 0 0 
0 85684 0 0 0 0 98699 0 0 0 86827 39822 82884 0 0 
6804 0 0 0 84037 0 0 35233 70179 0 0 0 0 0 0 
0 69905 0 85779 5501 0 0 0 29475 0 0 0 0 0 0 
22950 0 59942 0 0 0 0 70985 0 2823 45981 0 0 0 0 
0 0 8269 72840 53981 50548 0 0 73221 0 35358 0 0 0 0 
54112 0 0 39837 49814 0 0 0 0 0 0 95377 0 0 0 
0 0 83018 0 52063 0 0 0 0 0 0 0 51837 33371 78515 
89322 74808 0 0 0 52003 0 0 0 0 0 0 0 43105 0 
0 0 0 24147 0 0 0 0 0 97461 0 0 0 0 63254 
7436 0 0 0 0 0 0 0 0 3844 0 82006 0 0 0 